64
0.841882 3.608403 -0.820409
4.701079 4.662055 -0.591472
6.424235 -1.767262 -0.048691
2.565038 -2.820914 -0.277628
2.220407 -1.535050 -0.386184
4.793206 -0.832616 -0.233560
3.759312 3.024974 -0.559229
1.186514 2.322540 -0.711853
0.739871 3.693265 0.508647
4.599068 4.746916 0.737584
6.322224 -1.682400 1.280365
2.463026 -2.736052 1.051428
2.118395 -1.450188 0.942872
4.691193 -0.747755 1.095496
3.657300 3.109836 0.769828
1.084502 2.407401 0.617204
-1.386284 1.620106 -0.864477
-0.099886 1.971322 -0.788165
0.244745 0.685459 -0.679608
1.531145 1.036676 -0.603297
1.875776 -0.249187 -0.494740
0.589377 -0.600404 -0.571052
0.934008 -1.886267 -0.462496
-0.352390 -2.237485 -0.538809
-0.697022 -0.951622 -0.647365
-1.983421 -1.302839 -0.723677
-2.328052 -0.016976 -0.832233
-1.041653 0.334242 -0.755921
-1.488296 1.704967 0.464579
-0.201897 2.056185 0.540892
0.142734 0.770321 0.649448
1.429132 1.121539 0.725760
1.773764 -0.164325 0.834316
0.487365 -0.515543 0.758004
0.831997 -1.801406 0.866560
-0.454403 -2.152623 0.790249
-0.799034 -0.866760 0.681692
-2.085433 -1.217976 0.605380
-2.430065 0.067886 0.496824
-1.143665 0.419104 0.573136
-6.531880 0.215236 -1.169726
-5.245482 0.566453 -1.093413
-4.900851 -0.719410 -0.984857
-3.614451 -0.368193 -0.908545
-3.269820 -1.654056 -0.799989
-4.556220 -2.005273 -0.876301
-4.211588 -3.291137 -0.767745
-5.497987 -3.642354 -0.844057
-5.842618 -2.356491 -0.952614
-7.129017 -2.707708 -1.028925
-7.473648 -1.421844 -1.137481
-6.187249 -1.070627 -1.061170
-6.633893 0.300098 0.159331
-5.347493 0.651316 0.235643
-5.002862 -0.634548 0.344199
-3.716464 -0.283331 0.420511
-3.371833 -1.569194 0.529067
-4.658231 -1.920412 0.452755
-4.313600 -3.206275 0.561312
-5.599999 -3.557492 0.484999
-5.944630 -2.271629 0.376444
-7.231030 -2.622846 0.300131
-7.575661 -1.336983 0.191575
-6.289261 -0.985765 0.267888
96
0 7
0 1
1 2
2 3
3 4
4 5
5 6
6 7
8 15
8 9
9 10
10 11
11 12
12 13
13 14
14 15
0 8
1 9
2 10
3 11
4 12
5 13
6 14
7 15
16 27
16 17
17 18
18 19
19 20
20 21
21 22
22 23
23 24
24 25
25 26
26 27
28 39
28 29
29 30
30 31
31 32
32 33
33 34
34 35
35 36
36 37
37 38
38 39
16 28
17 29
18 30
19 31
20 32
21 33
22 34
23 35
24 36
25 37
26 38
27 39
40 51
40 41
41 42
42 43
43 44
44 45
45 46
46 47
47 48
48 49
49 50
50 51
52 63
52 53
53 54
54 55
55 56
56 57
57 58
58 59
59 60
60 61
61 62
62 63
40 52
41 53
42 54
43 55
44 56
45 57
46 58
47 59
48 60
49 61
50 62
51 63
