64
1.453061 3.895652 -0.308580
5.125597 5.505504 1.455118
7.697217 -1.276366 2.290546
4.024681 -2.886219 0.526848
3.510357 -1.529844 0.359763
5.958716 -0.456609 1.535561
4.415743 3.612513 1.034304
1.967386 2.539278 -0.141495
0.845564 3.828656 1.017562
4.518099 5.438507 2.781260
7.089719 -1.343362 3.616689
3.417183 -2.953215 1.852990
2.902859 -1.596840 1.685904
5.351216 -0.523607 2.861703
3.808244 3.545516 2.360447
1.359887 2.472281 1.184648
-0.480971 1.466044 -1.317293
0.743206 2.002660 -0.729394
1.257530 0.646286 -0.562308
2.481710 1.182903 0.025591
2.996033 -0.173470 0.192677
1.771855 -0.710088 -0.395222
2.286179 -2.066461 -0.228136
1.062001 -2.603079 -0.816036
0.547677 -1.246706 -0.983122
-0.676502 -1.783323 -1.571021
-1.190826 -0.426949 -1.738107
0.033353 0.109669 -1.150207
-1.088470 1.399047 0.008849
0.135708 1.935665 0.596749
0.650032 0.579290 0.763835
1.874210 1.115908 1.351733
2.388535 -0.240466 1.518819
1.164356 -0.777085 0.930920
1.678681 -2.133458 1.098006
0.454501 -2.670076 0.510107
-0.059822 -1.313702 0.343021
-1.284001 -1.850318 -0.244878
-1.798326 -0.493945 -0.411964
-0.574146 0.042673 0.175935
-5.377685 -0.680427 -3.668890
-4.153508 -0.143810 -3.080991
-3.639184 -1.500184 -2.913905
-2.415005 -0.963566 -2.326006
-1.900681 -2.319940 -2.158920
-3.124860 -2.856557 -2.746820
-2.610535 -4.212932 -2.579734
-3.834714 -4.749549 -3.167633
-4.349038 -3.393175 -3.334720
-5.573217 -3.929793 -3.922618
-6.087541 -2.573418 -4.089703
-4.863362 -2.036801 -3.501805
-5.985185 -0.747423 -2.342748
-4.761006 -0.210805 -1.754848
-4.246682 -1.567180 -1.587763
-3.022504 -1.030563 -0.999864
-2.508180 -2.386936 -0.832779
-3.732358 -2.923554 -1.420678
-3.218034 -4.279928 -1.253591
-4.442213 -4.816545 -1.841491
-4.956537 -3.460172 -2.008576
-6.180716 -3.996789 -2.596476
-6.695040 -2.640415 -2.763562
-5.470861 -2.103797 -2.175661
96
0 7
0 1
1 2
2 3
3 4
4 5
5 6
6 7
8 15
8 9
9 10
10 11
11 12
12 13
13 14
14 15
0 8
1 9
2 10
3 11
4 12
5 13
6 14
7 15
16 27
16 17
17 18
18 19
19 20
20 21
21 22
22 23
23 24
24 25
25 26
26 27
28 39
28 29
29 30
30 31
31 32
32 33
33 34
34 35
35 36
36 37
37 38
38 39
16 28
17 29
18 30
19 31
20 32
21 33
22 34
23 35
24 36
25 37
26 38
27 39
40 51
40 41
41 42
42 43
43 44
44 45
45 46
46 47
47 48
48 49
49 50
50 51
52 63
52 53
53 54
54 55
55 56
56 57
57 58
58 59
59 60
60 61
61 62
62 63
40 52
41 53
42 54
43 55
44 56
45 57
46 58
47 59
48 60
49 61
50 62
51 63
