64
-0.459353 1.919540 3.102233
0.800581 0.367632 6.521839
4.144367 -4.250467 3.194023
2.884432 -2.698559 -0.225582
2.215675 -1.774940 0.439982
3.055633 -2.809545 2.719719
1.049361 -0.038685 4.716408
0.209404 0.995920 2.436671
-1.517495 1.130484 3.134007
-0.257560 -0.421424 6.553611
3.086225 -5.039522 3.225797
1.826290 -3.487614 -0.193809
1.157533 -2.563994 0.471755
1.997490 -3.598600 2.751490
-0.008781 -0.827741 4.748180
-0.848738 0.206864 2.468443
-0.630553 2.030525 0.156935
-0.210574 1.513222 1.296802
0.458182 0.589602 0.631239
0.878162 0.072300 1.771108
1.546918 -0.851320 1.105545
1.126939 -0.334018 -0.034323
1.795696 -1.257637 -0.699886
1.375719 -0.740335 -1.839755
0.706962 0.183285 -1.174192
0.286983 0.700587 -2.314061
-0.381774 1.624207 -1.648498
0.038205 1.106905 -0.508629
-1.688695 1.241469 0.188707
-1.268717 0.724167 1.328576
-0.599960 -0.199453 0.663012
-0.179982 -0.716755 1.802880
0.488776 -1.640375 1.137318
0.068798 -1.123073 -0.002551
0.737555 -2.046693 -0.668114
0.317575 -1.529391 -1.807982
-0.351181 -0.605771 -1.142420
-0.771160 -0.088468 -2.282287
-1.439917 0.835152 -1.616725
-1.019938 0.317849 -0.476856
-2.310466 4.099734 -4.402539
-1.890488 3.582431 -3.262672
-1.221731 2.658812 -3.928235
-0.801752 2.141509 -2.788366
-0.132995 1.217890 -3.453929
-0.552974 1.735193 -4.593798
0.115784 0.811572 -5.259360
-0.304195 1.328875 -6.399229
-0.972951 2.252495 -5.733666
-1.392931 2.769796 -6.873534
-2.061688 3.693416 -6.207970
-1.641709 3.176114 -5.068102
-3.368609 3.310679 -4.370767
-2.948630 2.793376 -3.230898
-2.279873 1.869757 -3.896461
-1.859895 1.352455 -2.756594
-1.191138 0.428835 -3.422157
-1.611116 0.946137 -4.562025
-0.942359 0.022517 -5.227588
-1.362337 0.539820 -6.367456
-2.031095 1.463438 -5.701893
-2.451073 1.980742 -6.841762
-3.119830 2.904361 -6.176199
-2.699852 2.387058 -5.036329
96
0 7
0 1
1 2
2 3
3 4
4 5
5 6
6 7
8 15
8 9
9 10
10 11
11 12
12 13
13 14
14 15
0 8
1 9
2 10
3 11
4 12
5 13
6 14
7 15
16 27
16 17
17 18
18 19
19 20
20 21
21 22
22 23
23 24
24 25
25 26
26 27
28 39
28 29
29 30
30 31
31 32
32 33
33 34
34 35
35 36
36 37
37 38
38 39
16 28
17 29
18 30
19 31
20 32
21 33
22 34
23 35
24 36
25 37
26 38
27 39
40 51
40 41
41 42
42 43
43 44
44 45
45 46
46 47
47 48
48 49
49 50
50 51
52 63
52 53
53 54
54 55
55 56
56 57
57 58
58 59
59 60
60 61
61 62
62 63
40 52
41 53
42 54
43 55
44 56
45 57
46 58
47 59
48 60
49 61
50 62
51 63
