64
5.400974 0.949305 0.144066
7.618919 2.260258 -0.591304
9.290331 -1.518058 -2.285822
7.072386 -2.829012 -1.550452
6.738104 -2.073348 -1.211549
8.216734 -1.199379 -1.701796
7.213887 1.067611 -0.685085
5.735257 0.193642 -0.194838
5.774199 0.760506 0.933170
7.992143 2.071459 0.197800
9.663555 -1.706857 -1.496718
7.445610 -3.017810 -0.761348
7.111328 -2.262147 -0.422444
8.589957 -1.388179 -0.912691
7.587111 0.878812 0.104020
6.108481 0.004843 0.594267
4.256627 -0.680327 0.295409
4.995942 -0.243343 0.050286
5.330224 -0.999007 -0.288618
6.069539 -0.562022 -0.533742
6.403822 -1.317685 -0.872645
5.664507 -1.754669 -0.627521
5.998789 -2.510333 -0.966425
5.259474 -2.947317 -0.721303
4.925192 -2.191654 -0.382399
4.185877 -2.628639 -0.137275
3.851595 -1.872975 0.201628
4.590909 -1.435991 -0.043495
4.629851 -0.869126 1.084513
5.369166 -0.432141 0.839390
5.703449 -1.187805 0.500487
6.442763 -0.750820 0.255364
6.777046 -1.506484 -0.083541
6.037731 -1.943469 0.161583
6.372013 -2.699132 -0.177321
5.632698 -3.136116 0.067803
5.298416 -2.380453 0.406706
4.559101 -2.817437 0.651830
4.224818 -2.061774 0.990734
4.964134 -1.624789 0.745610
1.299368 -2.428265 1.275902
2.038682 -1.991281 1.030779
2.372964 -2.746944 0.691876
3.112280 -2.309960 0.446752
3.446562 -3.065623 0.107848
2.707247 -3.502607 0.352972
3.041529 -4.258271 0.014068
2.302215 -4.695255 0.259191
1.967932 -3.939592 0.598094
1.228618 -4.376577 0.843218
0.894335 -3.620913 1.182122
1.633650 -3.183928 0.936998
1.672591 -2.617064 2.065007
2.411907 -2.180079 1.819884
2.746189 -2.935743 1.480980
3.485503 -2.498759 1.235856
3.819785 -3.254422 0.896953
3.080471 -3.691406 1.142076
3.414754 -4.447070 0.803173
2.675438 -4.884054 1.048296
2.341157 -4.128391 1.387200
1.601841 -4.565375 1.632323
1.267559 -3.809712 1.971227
2.006874 -3.372727 1.726104
96
0 7
0 1
1 2
2 3
3 4
4 5
5 6
6 7
8 15
8 9
9 10
10 11
11 12
12 13
13 14
14 15
0 8
1 9
2 10
3 11
4 12
5 13
6 14
7 15
16 27
16 17
17 18
18 19
19 20
20 21
21 22
22 23
23 24
24 25
25 26
26 27
28 39
28 29
29 30
30 31
31 32
32 33
33 34
34 35
35 36
36 37
37 38
38 39
16 28
17 29
18 30
19 31
20 32
21 33
22 34
23 35
24 36
25 37
26 38
27 39
40 51
40 41
41 42
42 43
43 44
44 45
45 46
46 47
47 48
48 49
49 50
50 51
52 63
52 53
53 54
54 55
55 56
56 57
57 58
58 59
59 60
60 61
61 62
62 63
40 52
41 53
42 54
43 55
44 56
45 57
46 58
47 59
48 60
49 61
50 62
51 63
