64
3.756435 1.679369 2.013305
3.551509 0.411858 4.608129
1.092205 -3.238427 2.630827
1.297131 -1.970916 0.036002
1.788992 -1.240859 0.431463
1.652375 -2.085867 2.161346
3.127957 0.104304 3.347727
3.264574 0.949312 1.617845
2.928965 2.148204 2.176971
2.724039 0.880693 4.771795
0.264736 -2.769592 2.794493
0.469662 -1.502081 0.199668
0.961523 -0.772024 0.595129
0.824905 -1.617032 2.325011
2.300487 0.573140 3.511393
2.437104 1.418147 1.781510
3.401192 1.794320 -0.112038
3.332883 1.371816 0.752902
2.841022 0.641759 0.357442
2.772714 0.219255 1.222384
2.280852 -0.510802 0.826923
2.349161 -0.088298 -0.038018
1.857301 -0.818355 -0.433478
1.925609 -0.395852 -1.298420
2.417470 0.334205 -0.902960
2.485779 0.756709 -1.767901
2.977639 1.486766 -1.372441
2.909331 1.064262 -0.507499
2.573722 2.263154 0.051627
2.505413 1.840651 0.916569
2.013552 1.110594 0.521108
1.945244 0.688091 1.386050
1.453383 -0.041967 0.990589
1.521691 0.380537 0.125647
1.029831 -0.349521 -0.269812
1.098139 0.072984 -1.134754
1.590000 0.803040 -0.739294
1.658309 1.225545 -1.604235
2.150169 1.955602 -1.208775
2.081861 1.533098 -0.343833
3.674426 3.484334 -3.571804
3.606117 3.061831 -2.706863
3.114256 2.331774 -3.102324
3.045948 1.909270 -2.237382
2.554087 1.179213 -2.632842
2.622396 1.601717 -3.497784
2.130535 0.871659 -3.893245
2.198844 1.294163 -4.758186
2.690705 2.024220 -4.362726
2.759013 2.446724 -5.227667
3.250873 3.176781 -4.832206
3.182565 2.754277 -3.967265
2.846956 3.953170 -3.408139
2.778648 3.530666 -2.543197
2.286787 2.800609 -2.938658
2.218478 2.378105 -2.073717
1.726618 1.648048 -2.469177
1.794926 2.070551 -3.334118
1.303065 1.340495 -3.729579
1.371374 1.762998 -4.594520
1.863234 2.493055 -4.199060
1.931543 2.915559 -5.064002
2.423404 3.645616 -4.668541
2.355095 3.223113 -3.803599
96
0 7
0 1
1 2
2 3
3 4
4 5
5 6
6 7
8 15
8 9
9 10
10 11
11 12
12 13
13 14
14 15
0 8
1 9
2 10
3 11
4 12
5 13
6 14
7 15
16 27
16 17
17 18
18 19
19 20
20 21
21 22
22 23
23 24
24 25
25 26
26 27
28 39
28 29
29 30
30 31
31 32
32 33
33 34
34 35
35 36
36 37
37 38
38 39
16 28
17 29
18 30
19 31
20 32
21 33
22 34
23 35
24 36
25 37
26 38
27 39
40 51
40 41
41 42
42 43
43 44
44 45
45 46
46 47
47 48
48 49
49 50
50 51
52 63
52 53
53 54
54 55
55 56
56 57
57 58
58 59
59 60
60 61
61 62
62 63
40 52
41 53
42 54
43 55
44 56
45 57
46 58
47 59
48 60
49 61
50 62
51 63
