64
1.840221 2.373957 -2.319553
5.155151 0.973423 -4.081863
3.632538 -5.200032 -2.039782
0.317608 -3.799498 -0.277472
0.622131 -2.564807 -0.685888
2.832085 -3.498498 -1.860762
3.745652 0.205576 -3.086011
1.535699 1.139266 -1.911137
2.526000 2.577902 -1.191673
5.840930 1.177367 -2.953983
4.318317 -4.996088 -0.911903
1.003386 -3.595553 0.850408
1.307909 -2.360862 0.441992
3.517862 -3.294552 -0.732882
4.431430 0.409521 -1.958130
2.221477 1.343210 -0.783256
-0.674254 2.072956 -0.736263
0.430721 1.606110 -1.323699
0.126199 0.371420 -0.915283
1.231176 -0.095426 -1.502721
0.926654 -1.330116 -1.094304
-0.178323 -0.863271 -0.506867
-0.482845 -2.097962 -0.098451
-1.587822 -1.631118 0.488985
-1.283300 -0.396427 0.080569
-2.388277 0.070418 0.668006
-2.083754 1.305108 0.259590
-0.978777 0.838264 -0.327847
0.011524 2.276900 0.391617
1.116501 1.810056 -0.195820
0.811978 0.575365 0.212597
1.916954 0.108521 -0.374840
1.612432 -1.126171 0.033576
0.507455 -0.659327 0.621013
0.202933 -1.894018 1.029428
-0.902044 -1.427172 1.616867
-0.597522 -0.192482 1.208450
-1.702498 0.274364 1.795886
-1.397976 1.509054 1.387471
-0.292998 1.042210 0.800034
-5.094161 3.940334 1.613484
-3.989185 3.473490 1.026049
-4.293708 2.238799 1.434465
-3.188730 1.771953 0.847027
-3.493253 0.537263 1.255443
-4.598230 1.004108 1.842881
-4.902753 -0.230584 2.251296
-6.007729 0.236261 2.838733
-5.703207 1.470952 2.430317
-6.808183 1.937797 3.017754
-6.503660 3.172488 2.609338
-5.398684 2.705643 2.021900
-4.408383 4.144280 2.741365
-3.303406 3.677435 2.153927
-3.607929 2.442744 2.562344
-2.502953 1.975899 1.974907
-2.807476 0.741209 2.383323
-3.912452 1.208052 2.970760
-4.216974 -0.026638 3.379177
-5.321951 0.440207 3.966613
-5.017428 1.674897 3.558198
-6.122405 2.141743 4.145634
-5.817883 3.376434 3.737218
-4.712905 2.909589 3.149781
96
0 7
0 1
1 2
2 3
3 4
4 5
5 6
6 7
8 15
8 9
9 10
10 11
11 12
12 13
13 14
14 15
0 8
1 9
2 10
3 11
4 12
5 13
6 14
7 15
16 27
16 17
17 18
18 19
19 20
20 21
21 22
22 23
23 24
24 25
25 26
26 27
28 39
28 29
29 30
30 31
31 32
32 33
33 34
34 35
35 36
36 37
37 38
38 39
16 28
17 29
18 30
19 31
20 32
21 33
22 34
23 35
24 36
25 37
26 38
27 39
40 51
40 41
41 42
42 43
43 44
44 45
45 46
46 47
47 48
48 49
49 50
50 51
52 63
52 53
53 54
54 55
55 56
56 57
57 58
58 59
59 60
60 61
61 62
62 63
40 52
41 53
42 54
43 55
44 56
45 57
46 58
47 59
48 60
49 61
50 62
51 63
