64
2.633100 2.642506 -0.697392
4.997533 3.691358 2.362896
2.692599 -1.473658 5.913935
0.328166 -2.522511 2.853647
0.789153 -1.489507 2.143439
2.365442 -0.790273 4.183632
3.748403 2.308737 2.053008
2.172114 1.609503 0.012817
1.658258 3.413656 -0.208506
4.022690 4.462507 2.851782
1.717757 -0.702509 6.402821
-0.646677 -1.751361 3.342532
-0.185690 -0.718357 2.632324
1.390599 -0.019124 4.672516
2.773559 3.079887 2.541894
1.197270 2.380652 0.501702
0.595825 0.910269 -2.027375
1.383968 1.259885 -1.007280
0.922981 0.226883 -0.297072
1.711127 0.576499 0.723024
1.250139 -0.456503 1.433232
0.461995 -0.806120 0.413136
0.001008 -1.839123 1.123343
-0.787135 -2.188742 0.103248
-0.326149 -1.155739 -0.606960
-1.114294 -1.505356 -1.627056
-0.653307 -0.472352 -2.337263
0.134838 -0.122735 -1.317168
-0.379018 1.681418 -1.538490
0.409126 2.031036 -0.518394
-0.051861 0.998032 0.191814
0.736283 1.347650 1.211909
0.275297 0.314646 1.922117
-0.512848 -0.034972 0.902022
-0.973834 -1.067975 1.612230
-1.761980 -1.417591 0.592134
-1.300993 -0.384589 -0.118074
-2.089137 -0.734205 -1.138170
-1.628151 0.298797 -1.848378
-0.840006 0.648415 -0.828282
-2.556754 -0.488201 -6.107758
-1.768610 -0.138583 -5.087663
-2.229597 -1.171586 -4.377456
-1.441452 -0.821969 -3.357359
-1.902438 -1.854972 -2.647152
-2.690583 -2.204589 -3.667248
-3.151570 -3.237593 -2.957040
-3.939714 -3.587210 -3.977136
-3.478727 -2.554208 -4.687343
-4.266872 -2.903824 -5.707439
-3.805885 -1.870820 -6.417647
-3.017740 -1.521204 -5.397551
-3.531597 0.282949 -5.618874
-2.743452 0.632567 -4.598777
-3.204439 -0.400437 -3.888570
-2.416295 -0.050820 -2.868475
-2.877282 -1.083823 -2.158267
-3.665426 -1.433441 -3.178362
-4.126413 -2.466444 -2.468154
-4.914557 -2.816061 -3.488251
-4.453571 -1.783057 -4.198457
-5.241715 -2.132675 -5.218555
-4.780729 -1.099672 -5.928762
-3.992584 -0.750053 -4.908665
96
0 7
0 1
1 2
2 3
3 4
4 5
5 6
6 7
8 15
8 9
9 10
10 11
11 12
12 13
13 14
14 15
0 8
1 9
2 10
3 11
4 12
5 13
6 14
7 15
16 27
16 17
17 18
18 19
19 20
20 21
21 22
22 23
23 24
24 25
25 26
26 27
28 39
28 29
29 30
30 31
31 32
32 33
33 34
34 35
35 36
36 37
37 38
38 39
16 28
17 29
18 30
19 31
20 32
21 33
22 34
23 35
24 36
25 37
26 38
27 39
40 51
40 41
41 42
42 43
43 44
44 45
45 46
46 47
47 48
48 49
49 50
50 51
52 63
52 53
53 54
54 55
55 56
56 57
57 58
58 59
59 60
60 61
61 62
62 63
40 52
41 53
42 54
43 55
44 56
45 57
46 58
47 59
48 60
49 61
50 62
51 63
