0.0 0.0 -4.0
0.5520350448508399 0.4217588563283106 -3.919191919191919
1.1242514858617136 -0.4998086627318906 -3.8383838383838382
1.0364036827243495 -1.365148987989794 -3.757575757575758
0.14973603318256967 -0.9539802947482708 -3.676767676767677
-1.082938785723811 0.6252209222342963 -3.595959595959596
-1.8894210490269545 1.874354980355082 -3.515151515151515
-1.6704339604325096 1.3914051362371573 -3.4343434343434343
-0.4126285044333484 -0.5809985111864009 -3.3535353535353534
1.243386457610923 -2.2066786876724778 -3.2727272727272725
2.3427819010273394 -1.7966364273595181 -3.191919191919192
2.1773242158072663 0.4365788585563556 -3.111111111111111
0.7356006061219262 2.4239584586425966 -3.0303030303030303
-1.238100549402048 2.175791886745965 -2.9494949494949494
-2.634271042411123 -0.22091606941053707 -2.8686868686868685
-2.6091905249829983 -2.5495376622010544 -2.787878787878788
-1.0944666234036546 -2.526578068132444 -2.7070707070707067
1.1213336920263668 -0.04786881088871595 -2.6262626262626263
2.806721246397513 2.5957356120526636 -2.5454545454545454
2.9772052155759092 2.844651079482818 -2.4646464646464645
1.4718500197273425 0.35601869157605603 -2.3838383838383836
-0.9214012090584518 -2.5707723665312376 -2.3030303030303028
-2.880329199292382 -3.1253402985427177 -2.2222222222222223
-3.283277353216017 -0.6919418506265145 -2.141414141414141
-1.8535310943471068 2.4812472539133013 -2.0606060606060606
0.657778085325588 3.364286695443623 -1.9797979797979797
2.867705050010629 1.0453046859985358 -1.8989898989898988
3.526629045926108 -2.333199492000648 -1.818181818181818
2.227220264588199 -3.5577318326286864 -1.737373737373737
-0.3460848148841829 -1.406624730623813 -1.6565656565656566
-2.7785478250779763 2.132605719146611 -1.5757575757575757
-3.70593594512554 3.702668564695067 -1.4949494949494948
-2.582058048308882 1.767089433688566 -1.414141414141414
1.52454952340706e-14 -1.8856180831641443 -1.333333333333333
2.621499311118474 -3.7969268065338393 -1.2525252525252522
3.820204522885884 -2.1184874610369357 -1.1717171717171713
2.908400621358958 1.598668822233684 -1.0909090909090908
0.3679012234378112 3.8392234365116127 -1.01010101010101
-2.404981252097789 2.4531995434865963 -0.9292929292929291
-3.8691857402359253 -1.2784999861702495 -0.8484848484848482
-3.1977343236398394 -3.829189042437417 -0.7676767676767673
-0.7457606451290877 -2.7642215329452533 -0.6868686868686864
2.137596336672673 0.9321483332586021 -0.606060606060606
3.8535863789406 3.767377583976728 -0.5252525252525251
3.4426518632954775 3.0452043530666697 -0.4444444444444442
1.1222638295684064 -0.5669021613816749 -0.3636363636363633
-1.8283185481999178 -3.655262202134703 -0.28282828282828243
-3.7751792558498516 -3.2905016399589937 -0.20202020202020154
-3.6368570155520294 0.19024025678598183 -0.1212121212121211
-1.4865739789648702 3.495219185318628 -0.04040404040404022
1.4865739789648855 3.4952191853186174 0.040404040404040664
3.6368570155520437 0.1902402567859375 0.12121212121212199
3.7751792558498405 -3.2905016399590186 0.20202020202020243
1.8283185481999036 -3.655262202134694 0.2828282828282829
-1.122263829568437 -0.5669021613816294 0.3636363636363642
-3.442651863295484 3.045204353066683 0.44444444444444464
-3.853586378940592 3.7673775839767147 0.525252525252526
-2.137596336672661 0.9321483332585816 0.6060606060606064
0.7457606451291049 -2.7642215329452684 0.6868686868686869
3.1977343236398577 -3.8291890424374064 0.7676767676767682
3.8691857402359227 -1.2784999861702298 0.8484848484848486
2.4049812520977616 2.4531995434866287 0.92929292929293
-0.36790122343782483 3.8392234365116105 1.0101010101010104
-2.90840062135898 1.598668822233647 1.0909090909090917
-3.8202045228858825 -2.1184874610369753 1.1717171717171722
-2.6214993111184595 -3.7969268065338384 1.2525252525252526
1.8249810551183268e-14 -1.8856180831641096 1.333333333333334
2.582058048308896 1.7670894336885778 1.4141414141414144
3.705935945125541 3.7026685646950694 1.4949494949494957
2.7785478250779634 2.1326057191465893 1.5757575757575761
0.3460848148841507 -1.4066247306238489 1.6565656565656575
-2.227220264588219 -3.557731832628692 1.737373737373738
-3.52662904592611 -2.333199492000638 1.8181818181818183
-2.8677050500106143 1.0453046859985713 1.8989898989898997
-0.6577780853255759 3.364286695443629 1.9797979797979801
1.8535310943471268 2.4812472539132755 2.0606060606060614
3.2832773532160213 -0.6919418506265496 2.141414141414142
2.880329199292382 -3.1253402985427177 2.2222222222222223
0.9214012090584294 -2.5707723665312154 2.3030303030303036
-1.4718500197273523 0.3560186915760787 2.383838383838384
-2.9772052155759154 2.8446510794828317 2.4646464646464654
-2.806721246397508 2.595735612052651 2.545454545454546
-1.1213336920263466 -0.04786881088875882 2.626262626262627
1.094466623403674 -2.5265780681324648 2.7070707070707076
2.6091905249829983 -2.5495376622010544 2.787878787878788
2.634271042411112 -0.22091606941049752 2.8686868686868694
1.238100549402031 2.175791886745976 2.94949494949495
-0.7356006061219527 2.423958458642589 3.030303030303031
-2.1773242158072748 0.43657885855633793 3.1111111111111116
-2.342781901027332 -1.7966364273595399 3.191919191919193
-1.243386457610902 -2.2066786876724724 3.2727272727272734
0.41262850443335586 -0.5809985111864006 3.353535353535354
1.670433960432517 1.391405136237178 3.434343434343435
1.8894210490269538 1.8743549803550787 3.5151515151515156
1.0829387857238002 0.6252209222342722 3.595959595959597
-0.1497360331825696 -0.9539802947482791 3.6767676767676774
-1.0364036827243495 -1.365148987989794 3.757575757575758
-1.12425148586171 -0.49980866273188207 3.838383838383839
-0.5520350448508383 0.4217588563283143 3.9191919191919196
-0.0 0.0 4.0

0 1
1 2
2 3
3 4
4 5
5 6
6 7
7 8
8 9
9 10
10 11
11 12
12 13
13 14
14 15
15 16
16 17
17 18
18 19
19 20
20 21
21 22
22 23
23 24
24 25
25 26
26 27
27 28
28 29
29 30
30 31
31 32
32 33
33 34
34 35
35 36
36 37
37 38
38 39
39 40
40 41
41 42
42 43
43 44
44 45
45 46
46 47
47 48
48 49
49 50
50 51
51 52
52 53
53 54
54 55
55 56
56 57
57 58
58 59
59 60
60 61
61 62
62 63
63 64
64 65
65 66
66 67
67 68
68 69
69 70
70 71
71 72
72 73
73 74
74 75
75 76
76 77
77 78
78 79
79 80
80 81
81 82
82 83
83 84
84 85
85 86
86 87
87 88
88 89
89 90
90 91
91 92
92 93
93 94
94 95
95 96
96 97
97 98
98 99
